15 15 1606677463
21 17 1606677463
37 18 1606677463
49 19 1606677463
112 20 1606677463
129 23 1606677463
132 24 1606677463
142 25 1606677463
15 14.8661 1606677493
21 16.8975 1606677493
37 17.7936 1606677493
49 19.149 1606677493
112 19.8369 1606677493
129 22.9925 1606677493
132 24.0344 1606677493
142 24.848 1606677493
15 14.9972 1606677523
21 17.1398 1606677523
37 17.5755 1606677523
49 19.0322 1606677523
112 19.7137 1606677523
129 23.0684 1606677523
132 24.2298 1606677523
142 24.967 1606677523
15 15.1544 1606677553
21 17.0546 1606677553
37 17.7605 1606677553
49 18.9381 1606677553
112 19.7746 1606677553
129 23.0999 1606677553
132 24.3641 1606677553
142 25.0152 1606677553
15 14.9336 1606677583
21 17.2139 1606677583
37 17.8655 1606677583
49 18.7817 1606677583
112 19.5916 1606677583
129 22.8791 1606677583
132 24.1992 1606677583
142 24.9613 1606677583
15 14.8852 1606677613
21 17.1233 1606677613
37 17.9665 1606677613
49 18.7222 1606677613
112 19.7979 1606677613
129 22.7441 1606677613
132 24.3396 1606677613
142 24.8229 1606677613
15 14.9665 1606677643
21 17.2748 1606677643
37 18.0353 1606677643
49 18.5947 1606677643
112 19.9656 1606677643
129 22.9913 1606677643
132 24.4538 1606677643
142 25.0073 1606677643
15 15.0024 1606677673
21 17.2411 1606677673
37 18.1373 1606677673
49 18.3643 1606677673
112 19.9354 1606677673
129 23.0937 1606677673
132 24.5405 1606677673
142 25.2475 1606677673
15 14.8737 1606677703
21 17.4735 1606677703
37 18.3592 1606677703
49 18.2839 1606677703
112 19.9178 1606677703
129 23.1135 1606677703
132 24.6517 1606677703
142 25.147 1606677703
15 14.7051 1606677733
21 17.3156 1606677733
37 18.5534 1606677733
49 18.2642 1606677733
112 19.8542 1606677733
129 23.1895 1606677733
132 24.6445 1606677733
142 25.2973 1606677733
15 14.5922 1606677763
21 17.1045 1606677763
37 18.3561 1606677763
49 18.4146 1606677763
112 19.6929 1606677763
129 22.9925 1606677763
132 24.6997 1606677763
142 25.3228 1606677763
15 14.5889 1606677793
21 17.2403 1606677793
37 18.2904 1606677793
49 18.5512 1606677793
112 19.8595 1606677793
129 22.9549 1606677793
132 24.5925 1606677793
142 25.5577 1606677793
15 14.4797 1606677823
21 17.4003 1606677823
37 18.431 1606677823
49 18.4564 1606677823
112 19.7329 1606677823
129 22.7983 1606677823
132 24.6155 1606677823
142 25.3806 1606677823
15 14.4876 1606677853
21 17.3058 1606677853
37 18.4109 1606677853
49 18.5844 1606677853
112 19.8331 1606677853
129 22.7819 1606677853
132 24.7063 1606677853
142 25.5437 1606677853
15 14.7178 1606677883
21 17.2429 1606677883
37 18.3236 1606677883
49 18.4982 1606677883
112 19.6352 1606677883
129 22.578 1606677883
132 24.8047 1606677883
142 25.6485 1606677883
15 14.5204 1606677913
21 17.055 1606677913
37 18.1379 1606677913
49 18.366 1606677913
112 19.4031 1606677913
129 22.627 1606677913
132 24.8313 1606677913
142 25.7561 1606677913
15 14.7645 1606677943
21 17.1817 1606677943
37 17.9377 1606677943
49 18.6023 1606677943
112 19.6322 1606677943
129 22.6392 1606677943
132 25.0271 1606677943
142 25.9885 1606677943
15 14.9667 1606677973
21 17.1762 1606677973
37 17.9364 1606677973
49 18.4769 1606677973
112 19.5652 1606677973
129 22.464 1606677973
132 24.7874 1606677973
142 25.9034 1606677973
15 15.0017 1606678003
21 17.1213 1606678003
37 18.1416 1606678003
49 18.5015 1606678003
112 19.7452 1606678003
129 22.257 1606678003
132 24.6543 1606678003
142 25.9094 1606678003
15 14.9503 1606678033
21 17.1262 1606678033
37 18.0726 1606678033
49 18.3967 1606678033
112 19.6489 1606678033
129 22.0988 1606678033
132 24.8682 1606678033
142 26.0652 1606678033
15 14.7121 1606678063
21 17.2616 1606678063
37 17.9013 1606678063
49 18.2235 1606678063
112 19.5615 1606678063
129 21.8843 1606678063
132 24.9072 1606678063
142 26.2705 1606678063
15 14.5321 1606678093
21 17.0247 1606678093
37 18.1155 1606678093
49 18.0749 1606678093
112 19.45 1606678093
129 21.7623 1606678093
132 24.8318 1606678093
142 26.1445 1606678093
15 14.7575 1606678123
21 16.8513 1606678123
37 18.1271 1606678123
49 17.855 1606678123
112 19.6395 1606678123
129 21.5807 1606678123
132 24.5895 1606678123
142 26.2984 1606678123
15 14.6703 1606678153
21 16.9571 1606678153
37 17.9901 1606678153
49 17.8752 1606678153
112 19.526 1606678153
129 21.5588 1606678153
132 24.7898 1606678153
142 26.2661 1606678153
15 14.8194 1606678183
21 17.0325 1606678183
37 17.8839 1606678183
49 18.036 1606678183
112 19.3429 1606678183
129 21.659 1606678183
132 24.9196 1606678183
142 26.0776 1606678183
15 14.6213 1606678213
21 17.1706 1606678213
37 18.0864 1606678213
49 18.0158 1606678213
112 19.5765 1606678213
129 21.7543 1606678213
132 25.1015 1606678213
142 25.8513 1606678213
15 14.801 1606678243
21 17.0304 1606678243
37 18.1343 1606678243
49 17.9055 1606678243
112 19.459 1606678243
129 21.5864 1606678243
132 24.8921 1606678243
142 25.8717 1606678243
15 14.7199 1606678273
21 17.2474 1606678273
37 18.0714 1606678273
49 17.8848 1606678273
112 19.5054 1606678273
129 21.5525 1606678273
132 24.8428 1606678273
142 25.9105 1606678273
15 14.4771 1606678303
21 17.164 1606678303
37 17.9554 1606678303
49 18.0982 1606678303
112 19.7551 1606678303
129 21.459 1606678303
132 24.6838 1606678303
142 26.0676 1606678303
15 14.5861 1606678333
21 17.1857 1606678333
37 17.948 1606678333
49 18.1142 1606678333
112 19.6909 1606678333
129 21.4158 1606678333
132 24.6232 1606678333
142 26.1645 1606678333
15 14.7183 1606678363
21 17.1253 1606678363
37 18.1854 1606678363
49 18.0183 1606678363
112 19.6784 1606678363
129 21.4056 1606678363
132 24.4507 1606678363
142 26.2326 1606678363
15 14.6753 1606678393
21 16.9167 1606678393
37 18.0474 1606678393
49 18.0466 1606678393
112 19.6606 1606678393
129 21.6468 1606678393
132 24.4811 1606678393
142 26.4204 1606678393
15 14.6028 1606678423
21 16.6988 1606678423
37 18.2315 1606678423
49 18.0002 1606678423
112 19.7065 1606678423
129 21.5625 1606678423
132 24.4441 1606678423
142 26.2095 1606678423
15 14.6954 1606678453
21 16.6331 1606678453
37 18.0373 1606678453
49 18.2367 1606678453
112 19.798 1606678453
129 21.3575 1606678453
132 24.2982 1606678453
142 26.1948 1606678453
15 14.4678 1606678483
21 16.5643 1606678483
37 18.2842 1606678483
49 18.0888 1606678483
112 19.9034 1606678483
129 21.2933 1606678483
132 24.2074 1606678483
142 26.3729 1606678483
15 14.2831 1606678513
21 16.4039 1606678513
37 18.1719 1606678513
49 17.881 1606678513
112 19.8822 1606678513
129 21.1142 1606678513
132 24.1256 1606678513
142 26.3944 1606678513
15 14.4414 1606678543
21 16.5497 1606678543
37 17.9573 1606678543
49 18.0574 1606678543
112 20.0417 1606678543
129 21.1166 1606678543
132 24.195 1606678543
142 26.605 1606678543
15 14.4409 1606678573
21 16.396 1606678573
37 17.9046 1606678573
49 18.0737 1606678573
112 20.1859 1606678573
129 20.9556 1606678573
132 24.0256 1606678573
142 26.4275 1606678573
15 14.2323 1606678603
21 16.1722 1606678603
37 17.8893 1606678603
49 17.9047 1606678603
112 20.1959 1606678603
129 20.8366 1606678603
132 23.9885 1606678603
142 26.2438 1606678603
15 14.1028 1606678633
21 16.1218 1606678633
37 18.1295 1606678633
49 18.04 1606678633
112 20.036 1606678633
129 20.6396 1606678633
132 23.9887 1606678633
142 26.4412 1606678633
15 13.9463 1606678663
21 16.0304 1606678663
37 18.1137 1606678663
49 17.9541 1606678663
112 20.0196 1606678663
129 20.6576 1606678663
132 23.8668 1606678663
142 26.2 1606678663
15 13.8074 1606678693
21 15.9799 1606678693
37 18.2106 1606678693
49 18.0049 1606678693
112 20.1645 1606678693
129 20.8888 1606678693
132 23.6908 1606678693
142 26.4399 1606678693
15 13.9326 1606678723
21 16.0802 1606678723
37 18.023 1606678723
49 17.8076 1606678723
112 19.9643 1606678723
129 21.1005 1606678723
132 23.819 1606678723
142 26.6244 1606678723
15 13.8218 1606678753
21 15.9523 1606678753
37 18.1043 1606678753
49 17.604 1606678753
112 19.8533 1606678753
129 21.0613 1606678753
132 23.8158 1606678753
142 26.8616 1606678753
15 13.6552 1606678783
21 16.0529 1606678783
37 18.0235 1606678783
49 17.7833 1606678783
112 20.0017 1606678783
129 20.8213 1606678783
132 23.6704 1606678783
142 26.9548 1606678783
15 13.6733 1606678813
21 16.171 1606678813
37 17.7738 1606678813
49 17.7528 1606678813
112 19.8048 1606678813
129 20.5848 1606678813
132 23.8724 1606678813
142 26.7525 1606678813
15 13.8193 1606678843
21 16.2438 1606678843
37 17.9935 1606678843
49 17.5971 1606678843
112 19.9605 1606678843
129 20.4687 1606678843
132 23.8243 1606678843
142 26.8605 1606678843
15 13.9072 1606678873
21 16.1634 1606678873
37 18.2378 1606678873
49 17.6401 1606678873
112 19.8418 1606678873
129 20.6523 1606678873
132 23.894 1606678873
142 26.9976 1606678873
15 13.9751 1606678903
21 16.1244 1606678903
37 18.4331 1606678903
49 17.4267 1606678903
112 19.891 1606678903
129 20.5036 1606678903
132 23.7051 1606678903
142 27.0427 1606678903
15 14.0049 1606678933
21 15.9331 1606678933
37 18.4944 1606678933
49 17.5187 1606678933
112 19.9696 1606678933
129 20.5878 1606678933
132 23.616 1606678933
142 27.1318 1606678933
15 14.0548 1606678963
21 15.7021 1606678963
37 18.7054 1606678963
49 17.6237 1606678963
112 19.9198 1606678963
129 20.4365 1606678963
132 23.8187 1606678963
142 27.0428 1606678963
15 14.2581 1606678993
21 15.6321 1606678993
37 18.6998 1606678993
49 17.7162 1606678993
112 20.0079 1606678993
129 20.4497 1606678993
132 23.6805 1606678993
142 27.0704 1606678993
15 14.2909 1606679023
21 15.7762 1606679023
37 18.5468 1606679023
49 17.7218 1606679023
112 19.8591 1606679023
129 20.2261 1606679023
132 23.9293 1606679023
142 27.1501 1606679023
15 14.5081 1606679053
21 15.9263 1606679053
37 18.3807 1606679053
49 17.7987 1606679053
112 19.9238 1606679053
129 20.3521 1606679053
132 24.1297 1606679053
142 27.1681 1606679053
15 14.7007 1606679083
21 15.7093 1606679083
37 18.5365 1606679083
49 18.0151 1606679083
112 19.8851 1606679083
129 20.115 1606679083
132 24.1839 1606679083
142 27.1942 1606679083
15 14.5235 1606679113
21 15.7546 1606679113
37 18.602 1606679113
49 18.0667 1606679113
112 19.6778 1606679113
129 20.1403 1606679113
132 24.4016 1606679113
142 27.327 1606679113
15 14.3096 1606679143
21 15.5574 1606679143
37 18.4899 1606679143
49 17.8595 1606679143
112 19.9014 1606679143
129 19.9673 1606679143
132 24.5966 1606679143
142 27.4448 1606679143
15 14.4025 1606679173
21 15.5302 1606679173
37 18.4051 1606679173
49 18.0734 1606679173
112 19.8137 1606679173
129 19.972 1606679173
132 24.7509 1606679173
142 27.4461 1606679173
15 14.5245 1606679203
21 15.3741 1606679203
37 18.257 1606679203
49 17.9823 1606679203
112 19.7534 1606679203
129 20.2031 1606679203
132 24.6384 1606679203
142 27.538 1606679203
15 14.7482 1606679233
21 15.428 1606679233
37 18.4784 1606679233
49 18.1047 1606679233
112 19.7071 1606679233
129 20.011 1606679233
132 24.4755 1606679233
142 27.3156 1606679233
15 14.5578 1606679263
21 15.2271 1606679263
37 18.6778 1606679263
49 17.959 1606679263
112 19.7601 1606679263
129 20.2155 1606679263
132 24.259 1606679263
142 27.2855 1606679263
15 14.481 1606679293
21 15.2542 1606679293
37 18.9155 1606679293
49 18.0664 1606679293
112 19.8045 1606679293
129 20.3541 1606679293
132 24.0357 1606679293
142 27.1304 1606679293
15 14.5393 1606679323
21 15.4376 1606679323
37 18.9669 1606679323
49 18.1499 1606679323
112 19.5837 1606679323
129 20.1857 1606679323
132 23.9994 1606679323
142 26.9162 1606679323
15 14.5123 1606679353
21 15.4852 1606679353
37 19.0597 1606679353
49 17.9768 1606679353
112 19.3684 1606679353
129 19.9699 1606679353
132 24.1076 1606679353
142 27.1105 1606679353
15 14.4426 1606679383
21 15.2766 1606679383
37 19.0665 1606679383
49 17.765 1606679383
112 19.2518 1606679383
129 20.0016 1606679383
132 23.9375 1606679383
142 27.2419 1606679383
15 14.62 1606679413
21 15.4182 1606679413
37 18.8304 1606679413
49 17.7684 1606679413
112 19.1645 1606679413
129 19.8395 1606679413
132 23.8246 1606679413
142 27.2844 1606679413
15 14.6906 1606679443
21 15.3232 1606679443
37 19.0297 1606679443
49 17.856 1606679443
112 19.2056 1606679443
129 20.016 1606679443
132 24.0381 1606679443
142 27.4285 1606679443
15 14.7276 1606679473
21 15.4666 1606679473
37 19.0696 1606679473
49 17.8544 1606679473
112 19.2047 1606679473
129 20.1478 1606679473
132 23.9125 1606679473
142 27.3063 1606679473
15 14.7927 1606679503
21 15.415 1606679503
37 19.2628 1606679503
49 17.9122 1606679503
112 19.0413 1606679503
129 20.1703 1606679503
132 24.0635 1606679503
142 27.4957 1606679503
15 14.9029 1606679533
21 15.4859 1606679533
37 19.342 1606679533
49 17.9208 1606679533
112 19.0861 1606679533
129 20.2864 1606679533
132 24.1338 1606679533
142 27.7453 1606679533
15 15.1051 1606679563
21 15.5912 1606679563
37 19.4773 1606679563
49 17.8675 1606679563
112 19.1675 1606679563
129 20.0397 1606679563
132 24.0318 1606679563
142 27.8626 1606679563
15 15.2549 1606679593
21 15.6109 1606679593
37 19.2671 1606679593
49 17.6585 1606679593
112 19.1395 1606679593
129 20.0872 1606679593
132 23.9133 1606679593
142 28.1022 1606679593
15 15.293 1606679623
21 15.6519 1606679623
37 19.4689 1606679623
49 17.7023 1606679623
112 18.8996 1606679623
129 20.1465 1606679623
132 23.791 1606679623
142 28.1924 1606679623
15 15.5222 1606679653
21 15.4337 1606679653
37 19.3552 1606679653
49 17.6544 1606679653
112 19.0311 1606679653
129 20.1174 1606679653
132 23.7242 1606679653
142 28.3728 1606679653
15 15.3139 1606679683
21 15.432 1606679683
37 19.3638 1606679683
49 17.4556 1606679683
112 19.0638 1606679683
129 19.9181 1606679683
132 23.6121 1606679683
142 28.4861 1606679683
15 15.5069 1606679713
21 15.4484 1606679713
37 19.4641 1606679713
49 17.4121 1606679713
112 19.1307 1606679713
129 20.0259 1606679713
132 23.7692 1606679713
142 28.2967 1606679713
15 15.7258 1606679743
21 15.6077 1606679743
37 19.2391 1606679743
49 17.3393 1606679743
112 18.9846 1606679743
129 19.9553 1606679743
132 23.7817 1606679743
142 28.3149 1606679743
15 15.6242 1606679773
21 15.5387 1606679773
37 19.3894 1606679773
49 17.4798 1606679773
112 18.8914 1606679773
129 19.8417 1606679773
132 23.7013 1606679773
142 28.4943 1606679773
15 15.8664 1606679803
21 15.3284 1606679803
37 19.5448 1606679803
49 17.2772 1606679803
112 18.7792 1606679803
129 19.8094 1606679803
132 23.5123 1606679803
142 28.2692 1606679803
15 15.6996 1606679833
21 15.3785 1606679833
37 19.7424 1606679833
49 17.4156 1606679833
112 18.6588 1606679833
129 19.7845 1606679833
132 23.5836 1606679833
142 28.5124 1606679833
15 15.9347 1606679863
21 15.1876 1606679863
37 19.5255 1606679863
49 17.5685 1606679863
112 18.6843 1606679863
129 19.7533 1606679863
132 23.565 1606679863
142 28.6495 1606679863
15 15.7587 1606679893
21 14.9672 1606679893
37 19.6683 1606679893
49 17.3223 1606679893
112 18.7519 1606679893
129 19.5594 1606679893
132 23.4947 1606679893
142 28.8651 1606679893
15 15.7465 1606679923
21 15.0223 1606679923
37 19.8574 1606679923
49 17.507 1606679923
112 18.6906 1606679923
129 19.5649 1606679923
132 23.3155 1606679923
142 29.1103 1606679923
15 15.9182 1606679953
21 15.1156 1606679953
37 20.0983 1606679953
49 17.4418 1606679953
112 18.8381 1606679953
129 19.7645 1606679953
132 23.1447 1606679953
142 28.9719 1606679953
15 15.9227 1606679983
21 15.2485 1606679983
37 19.9874 1606679983
49 17.6631 1606679983
112 19.0617 1606679983
129 19.6292 1606679983
132 23.0741 1606679983
142 28.9131 1606679983
15 16.1007 1606680013
21 15.0483 1606680013
37 20.1257 1606680013
49 17.7993 1606680013
112 19.0463 1606680013
129 19.4553 1606680013
132 23.0718 1606680013
142 28.9645 1606680013
15 16.0073 1606680043
21 14.917 1606680043
37 20.1793 1606680043
49 17.6666 1606680043
112 18.8646 1606680043
129 19.6977 1606680043
132 23.3035 1606680043
142 29.1339 1606680043
15 16.1587 1606680073
21 14.8854 1606680073
37 20.2409 1606680073
49 17.6438 1606680073
112 18.9394 1606680073
129 19.5645 1606680073
132 23.449 1606680073
142 29.1448 1606680073
15 16.0014 1606680103
21 14.8947 1606680103
37 20.0434 1606680103
49 17.7067 1606680103
112 18.9398 1606680103
129 19.4309 1606680103
132 23.4592 1606680103
142 29.1136 1606680103
15 16.1049 1606680133
21 15.1134 1606680133
37 20.0526 1606680133
49 17.9337 1606680133
112 18.8947 1606680133
129 19.2904 1606680133
132 23.2346 1606680133
142 28.9493 1606680133
15 16.037 1606680163
21 15.0484 1606680163
37 19.8424 1606680163
49 18.0945 1606680163
112 18.7899 1606680163
129 19.3833 1606680163
132 23.0103 1606680163
142 29.1302 1606680163
15 16.0126 1606680193
21 15.2542 1606680193
37 19.7701 1606680193
49 17.8724 1606680193
112 18.6138 1606680193
129 19.2242 1606680193
132 22.8599 1606680193
142 29.0863 1606680193
15 15.9025 1606680223
21 15.0333 1606680223
37 19.6408 1606680223
49 18.1127 1606680223
112 18.6662 1606680223
129 19.3778 1606680223
132 22.7805 1606680223
142 29.2127 1606680223
15 15.7598 1606680253
21 14.7864 1606680253
37 19.6132 1606680253
49 17.9992 1606680253
112 18.9112 1606680253
129 19.399 1606680253
132 22.8528 1606680253
142 29.0822 1606680253
15 15.8705 1606680283
21 14.758 1606680283
37 19.3777 1606680283
49 18.0037 1606680283
112 18.6838 1606680283
129 19.2478 1606680283
132 23.0798 1606680283
142 29.2092 1606680283
15 15.656 1606680313
21 14.9748 1606680313
37 19.4622 1606680313
49 18.0987 1606680313
112 18.6068 1606680313
129 19.1016 1606680313
132 23.2534 1606680313
142 29.2872 1606680313
15 15.7676 1606680343
21 14.823 1606680343
37 19.2203 1606680343
49 18.3307 1606680343
112 18.5962 1606680343
129 19.2152 1606680343
132 23.1817 1606680343
142 29.1623 1606680343
15 15.6036 1606680373
21 14.6059 1606680373
37 19.4559 1606680373
49 18.1929 1606680373
112 18.7713 1606680373
129 19.1989 1606680373
132 23.3849 1606680373
142 28.9588 1606680373
15 15.4612 1606680403
21 14.7006 1606680403
37 19.568 1606680403
49 18.0709 1606680403
112 18.9118 1606680403
129 19.2029 1606680403
132 23.5304 1606680403
142 28.7364 1606680403
15 15.3084 1606680433
21 14.7314 1606680433
37 19.3876 1606680433
49 18.1354 1606680433
112 18.7515 1606680433
129 19.3926 1606680433
132 23.5013 1606680433
142 28.8567 1606680433
